###############
#    Sets     #
###############
#
set DAILYTIMEBRACKET :=  ;
set DAYTYPE :=  ;
set SEASON :=  ;
set STORAGE :=  ;
set YEAR := 2010 2011 2012 2013 2014 2015 2016 2017 2018 2019 2020 2021 2022 2023 2024 2025 2026 2027 2028 2029 2030 2031 2032 2033 2034 2035 2036 2037 2038 2039 2040 2041 2042 2043 2044 2045 2046 2047 2048 2049 2050 2051 2052 2053 2054 2055 2056 2057 2058 2059 2060 2061 2062 2063 2064 2065 2066 2067 2068 2069 2070 ;
set TECHNOLOGY := ENE_TERM RAW_MAT_CLK ELEC_TERM ELEC_CEM RAW_MAT_CEM PROD_CLK_TRAD PROD_CLK_ELEC PROD_CEM T5CEM_PRODCEM_PROD HFC_use LIME_PROD GLASS_PROD CERAMICS SODA_ASH IRON_STEEL LEAD_PROD LUBRI PARAFFIN ;
set TIMESLICE := All ;
set FUEL := ENE_TERM RAW_MAT_CLK ELEC_TERM ELEC_CEM RAW_MAT_CEM ELE_TERM CLK_PROD CEM_PROD E5_CEM_PRODCEM_PROD ;
set EMISSION := CO2e_CEM CO2e_HFC CO2e_OTHER ;
set MODE_OF_OPERATION := 1 ;
set REGION := ECU ;

###############
#    Parameters     #
###############
#
param AvailabilityFactor default 1 :=
[ECU,*,*]:
2010 2011 2012 2013 2014 2015 2016 2017 2018 2019 2020 2021 2022 2023 2024 2025 2026 2027 2028 2029 2030 2031 2032 2033 2034 2035 2036 2037 2038 2039 2040 2041 2042 2043 2044 2045 2046 2047 2048 2049 2050 2051 2052 2053 2054 2055 2056 2057 2058 2059 2060 2061 2062 2063 2064 2065 2066 2067 2068 2069 2070 :=
PROD_CLK_TRAD 0.79 0.79 0.79 0.79 0.79 0.79 0.79 0.79 0.79 0.5369 0.5519 0.6286 0.6286 0.6286 0.6286 0.6286 0.6286 0.6286 0.6286 0.6286 0.6286 0.6286 0.6286 0.6286 0.6286 0.6286 0.6286 0.6286 0.6286 0.6286 0.6286 0.6286 0.6286 0.6286 0.6286 0.6286 0.6286 0.6286 0.6286 0.6286 0.6286 0.6286 0.6286 0.6286 0.6286 0.6286 0.6286 0.6286 0.6286 0.6286 0.6286 0.6286 0.6286 0.6286 0.6286 0.6286 0.6286 0.6286 0.6286 0.6286 0.6286 
PROD_CLK_ELEC 0.79 0.79 0.79 0.79 0.79 0.79 0.79 0.79 0.79 0.5369 0.5519 0.6286 0.6286 0.6286 0.6286 0.6286 0.6286 0.6286 0.6286 0.6286 0.6286 0.6286 0.6286 0.6286 0.6286 0.6286 0.6286 0.6286 0.6286 0.6286 0.6286 0.6286 0.6286 0.6286 0.6286 0.6286 0.6286 0.6286 0.6286 0.6286 0.6286 0.6286 0.6286 0.6286 0.6286 0.6286 0.6286 0.6286 0.6286 0.6286 0.6286 0.6286 0.6286 0.6286 0.6286 0.6286 0.6286 0.6286 0.6286 0.6286 0.6286 
PROD_CEM 0.79 0.79 0.79 0.79 0.79 0.79 0.79 0.79 0.79 0.5369 0.5519 0.6286 0.6286 0.6286 0.6286 0.6286 0.6286 0.6286 0.6286 0.6286 0.6286 0.6286 0.6286 0.6286 0.6286 0.6286 0.6286 0.6286 0.6286 0.6286 0.6286 0.6286 0.6286 0.6286 0.6286 0.6286 0.6286 0.6286 0.6286 0.6286 0.6286 0.6286 0.6286 0.6286 0.6286 0.6286 0.6286 0.6286 0.6286 0.6286 0.6286 0.6286 0.6286 0.6286 0.6286 0.6286 0.6286 0.6286 0.6286 0.6286 0.6286 
;

param CapacityFactor default 1 :=
[ECU,PROD_CEM,*,*]:
2010 2011 2012 2013 2014 2015 2016 2017 2018 2019 2020 2021 2022 2023 2024 2025 2026 2027 2028 2029 2030 2031 2032 2033 2034 2035 2036 2037 2038 2039 2040 2041 2042 2043 2044 2045 2046 2047 2048 2049 2050 2051 2052 2053 2054 2055 2056 2057 2058 2059 2060 2061 2062 2063 2064 2065 2066 2067 2068 2069 2070 :=
All 1.0 1.0 1.0 1.0 1.0 1.0 1.0 1.0 1.0 1.0 1.0 1.0 1.0 1.0 1.0 1.0 1.0 1.0 1.0 1.0 1.0 1.0 1.0 1.0 1.0 1.0 1.0 1.0 1.0 1.0 1.0 1.0 1.0 1.0 1.0 1.0 1.0 1.0 1.0 1.0 1.0 1.0 1.0 1.0 1.0 1.0 1.0 1.0 1.0 1.0 1.0 1.0 1.0 1.0 1.0 1.0 1.0 1.0 1.0 1.0 1.0 
[ECU,PROD_CLK_TRAD,*,*]:
2010 2011 2012 2013 2014 2015 2016 2017 2018 2019 2020 2021 2022 2023 2024 2025 2026 2027 2028 2029 2030 2031 2032 2033 2034 2035 2036 2037 2038 2039 2040 2041 2042 2043 2044 2045 2046 2047 2048 2049 2050 2051 2052 2053 2054 2055 2056 2057 2058 2059 2060 2061 2062 2063 2064 2065 2066 2067 2068 2069 2070 :=
All 1.0 1.0 1.0 1.0 1.0 1.0 1.0 1.0 1.0 1.0 1.0 1.0 1.0 1.0 1.0 1.0 1.0 1.0 1.0 1.0 1.0 1.0 1.0 1.0 1.0 1.0 1.0 1.0 1.0 1.0 1.0 1.0 1.0 1.0 1.0 1.0 1.0 1.0 1.0 1.0 1.0 1.0 1.0 1.0 1.0 1.0 1.0 1.0 1.0 1.0 1.0 1.0 1.0 1.0 1.0 1.0 1.0 1.0 1.0 1.0 1.0 
[ECU,PROD_CLK_ELEC,*,*]:
2010 2011 2012 2013 2014 2015 2016 2017 2018 2019 2020 2021 2022 2023 2024 2025 2026 2027 2028 2029 2030 2031 2032 2033 2034 2035 2036 2037 2038 2039 2040 2041 2042 2043 2044 2045 2046 2047 2048 2049 2050 2051 2052 2053 2054 2055 2056 2057 2058 2059 2060 2061 2062 2063 2064 2065 2066 2067 2068 2069 2070 :=
All 1.0 1.0 1.0 1.0 1.0 1.0 1.0 1.0 1.0 1.0 1.0 1.0 1.0 1.0 1.0 1.0 1.0 1.0 1.0 1.0 1.0 1.0 1.0 1.0 1.0 1.0 1.0 1.0 1.0 1.0 1.0 1.0 1.0 1.0 1.0 1.0 1.0 1.0 1.0 1.0 1.0 1.0 1.0 1.0 1.0 1.0 1.0 1.0 1.0 1.0 1.0 1.0 1.0 1.0 1.0 1.0 1.0 1.0 1.0 1.0 1.0 
;

param CapacityToActivityUnit default 1 :
ENE_TERM RAW_MAT_CLK ELEC_TERM ELEC_CEM RAW_MAT_CEM PROD_CLK_TRAD PROD_CLK_ELEC PROD_CEM T5CEM_PRODCEM_PROD :=
ECU 1 1 1 1 1 1 1 1 1 
;

param CapitalCost default 0 :=
[ECU,*,*]:
2010 2011 2012 2013 2014 2015 2016 2017 2018 2019 2020 2021 2022 2023 2024 2025 2026 2027 2028 2029 2030 2031 2032 2033 2034 2035 2036 2037 2038 2039 2040 2041 2042 2043 2044 2045 2046 2047 2048 2049 2050 2051 2052 2053 2054 2055 2056 2057 2058 2059 2060 2061 2062 2063 2064 2065 2066 2067 2068 2069 2070 :=
PROD_CLK_TRAD 0.0 0.0 0.0 0.0 0.0 0.0 0.0 0.0 0.0 0.0 0.0 0.0 0.0 0.0 0.0 0.0 0.0 0.0 0.0 0.0 0.0 0.0 0.0 0.0 0.0 0.0 0.0 0.0 0.0 0.0 0.0 0.0 0.0 0.0 0.0 0.0 0.0 0.0 0.0 0.0 0.0 0.0 0.0 0.0 0.0 0.0 0.0 0.0 0.0 0.0 0.0 0.0 0.0 0.0 0.0 0.0 0.0 0.0 0.0 0.0 0.0 
PROD_CLK_ELEC 0.0 0.0 0.0 0.0 0.0 0.0 0.0 0.0 0.0 0.0 0.0 0.0 0.0 0.0 0.0 0.0 0.0 0.0 0.0 0.0 0.0 0.0 0.0 0.0 0.0 0.0 0.0 0.0 0.0 0.0 0.0 0.0 0.0 0.0 0.0 0.0 0.0 0.0 0.0 0.0 0.0 0.0 0.0 0.0 0.0 0.0 0.0 0.0 0.0 0.0 0.0 0.0 0.0 0.0 0.0 0.0 0.0 0.0 0.0 0.0 0.0 
PROD_CEM 0.0 0.0 0.0 0.0 0.0 0.0 0.0 0.0 0.0 0.0 0.0 0.0 0.0 0.0 0.0 0.0 0.0 0.0 0.0 0.0 0.0 0.0 0.0 0.0 0.0 0.0 0.0 0.0 0.0 0.0 0.0 0.0 0.0 0.0 0.0 0.0 0.0 0.0 0.0 0.0 0.0 0.0 0.0 0.0 0.0 0.0 0.0 0.0 0.0 0.0 0.0 0.0 0.0 0.0 0.0 0.0 0.0 0.0 0.0 0.0 0.0 
;

param EmissionActivityRatio default 0 :=
[ECU,LIME_PROD,CO2e_OTHER,*,*]:
2010 2011 2012 2013 2014 2015 2016 2017 2018 2019 2020 2021 2022 2023 2024 2025 2026 2027 2028 2029 2030 2031 2032 2033 2034 2035 2036 2037 2038 2039 2040 2041 2042 2043 2044 2045 2046 2047 2048 2049 2050 2051 2052 2053 2054 2055 2056 2057 2058 2059 2060 2061 2062 2063 2064 2065 2066 2067 2068 2069 2070 :=
1 1.0 1.0 1.0 1.0 1.0 1.0 1.0 1.0 1.0 1.0 1.0 1.0 1.0 1.0 1.0 1.0 1.0 1.0 1.0 1.0 1.0 1.0 1.0 1.0 1.0 1.0 1.0 1.0 1.0 1.0 1.0 1.0 1.0 1.0 1.0 1.0 1.0 1.0 1.0 1.0 1.0 1.0 1.0 1.0 1.0 1.0 1.0 1.0 1.0 1.0 1.0 1.0 1.0 1.0 1.0 1.0 1.0 1.0 1.0 1.0 1.0 
[ECU,PARAFFIN,CO2e_OTHER,*,*]:
2010 2011 2012 2013 2014 2015 2016 2017 2018 2019 2020 2021 2022 2023 2024 2025 2026 2027 2028 2029 2030 2031 2032 2033 2034 2035 2036 2037 2038 2039 2040 2041 2042 2043 2044 2045 2046 2047 2048 2049 2050 2051 2052 2053 2054 2055 2056 2057 2058 2059 2060 2061 2062 2063 2064 2065 2066 2067 2068 2069 2070 :=
1 1.0 1.0 1.0 1.0 1.0 1.0 1.0 1.0 1.0 1.0 1.0 1.0 1.0 1.0 1.0 1.0 1.0 1.0 1.0 1.0 1.0 1.0 1.0 1.0 1.0 1.0 1.0 1.0 1.0 1.0 1.0 1.0 1.0 1.0 1.0 1.0 1.0 1.0 1.0 1.0 1.0 1.0 1.0 1.0 1.0 1.0 1.0 1.0 1.0 1.0 1.0 1.0 1.0 1.0 1.0 1.0 1.0 1.0 1.0 1.0 1.0 
[ECU,SODA_ASH,CO2e_OTHER,*,*]:
2010 2011 2012 2013 2014 2015 2016 2017 2018 2019 2020 2021 2022 2023 2024 2025 2026 2027 2028 2029 2030 2031 2032 2033 2034 2035 2036 2037 2038 2039 2040 2041 2042 2043 2044 2045 2046 2047 2048 2049 2050 2051 2052 2053 2054 2055 2056 2057 2058 2059 2060 2061 2062 2063 2064 2065 2066 2067 2068 2069 2070 :=
1 1.0 1.0 1.0 1.0 1.0 1.0 1.0 1.0 1.0 1.0 1.0 1.0 1.0 1.0 1.0 1.0 1.0 1.0 1.0 1.0 1.0 1.0 1.0 1.0 1.0 1.0 1.0 1.0 1.0 1.0 1.0 1.0 1.0 1.0 1.0 1.0 1.0 1.0 1.0 1.0 1.0 1.0 1.0 1.0 1.0 1.0 1.0 1.0 1.0 1.0 1.0 1.0 1.0 1.0 1.0 1.0 1.0 1.0 1.0 1.0 1.0 
[ECU,RAW_MAT_CEM,CO2e_CEM,*,*]:
2010 2011 2012 2013 2014 2015 2016 2017 2018 2019 2020 2021 2022 2023 2024 2025 2026 2027 2028 2029 2030 2031 2032 2033 2034 2035 2036 2037 2038 2039 2040 2041 2042 2043 2044 2045 2046 2047 2048 2049 2050 2051 2052 2053 2054 2055 2056 2057 2058 2059 2060 2061 2062 2063 2064 2065 2066 2067 2068 2069 2070 :=
1 0.0 0.0 0.0 0.0 0.0 0.0 0.0 0.0 0.0 0.0 0.0 0.0 0.0 0.0 0.0 0.0 0.0 0.0 0.0 0.0 0.0 0.0 0.0 0.0 0.0 0.0 0.0 0.0 0.0 0.0 0.0 0.0 0.0 0.0 0.0 0.0 0.0 0.0 0.0 0.0 0.0 0.0 0.0 0.0 0.0 0.0 0.0 0.0 0.0 0.0 0.0 0.0 0.0 0.0 0.0 0.0 0.0 0.0 0.0 0.0 0.0 
[ECU,HFC_use,CO2e_HFC,*,*]:
2010 2011 2012 2013 2014 2015 2016 2017 2018 2019 2020 2021 2022 2023 2024 2025 2026 2027 2028 2029 2030 2031 2032 2033 2034 2035 2036 2037 2038 2039 2040 2041 2042 2043 2044 2045 2046 2047 2048 2049 2050 2051 2052 2053 2054 2055 2056 2057 2058 2059 2060 2061 2062 2063 2064 2065 2066 2067 2068 2069 2070 :=
1 1.0 1.0 1.0 1.0 1.0 1.0 1.0 1.0 1.0 1.0 1.0 1.0 1.0 1.0 1.0 1.0 1.0 1.0 1.0 1.0 1.0 1.0 1.0 1.0 1.0 1.0 1.0 1.0 1.0 1.0 1.0 1.0 1.0 1.0 1.0 1.0 1.0 1.0 1.0 1.0 1.0 1.0 1.0 1.0 1.0 1.0 1.0 1.0 1.0 1.0 1.0 1.0 1.0 1.0 1.0 1.0 1.0 1.0 1.0 1.0 1.0 
[ECU,LUBRI,CO2e_OTHER,*,*]:
2010 2011 2012 2013 2014 2015 2016 2017 2018 2019 2020 2021 2022 2023 2024 2025 2026 2027 2028 2029 2030 2031 2032 2033 2034 2035 2036 2037 2038 2039 2040 2041 2042 2043 2044 2045 2046 2047 2048 2049 2050 2051 2052 2053 2054 2055 2056 2057 2058 2059 2060 2061 2062 2063 2064 2065 2066 2067 2068 2069 2070 :=
1 1.0 1.0 1.0 1.0 1.0 1.0 1.0 1.0 1.0 1.0 1.0 1.0 1.0 1.0 1.0 1.0 1.0 1.0 1.0 1.0 1.0 1.0 1.0 1.0 1.0 1.0 1.0 1.0 1.0 1.0 1.0 1.0 1.0 1.0 1.0 1.0 1.0 1.0 1.0 1.0 1.0 1.0 1.0 1.0 1.0 1.0 1.0 1.0 1.0 1.0 1.0 1.0 1.0 1.0 1.0 1.0 1.0 1.0 1.0 1.0 1.0 
[ECU,PROD_CLK_TRAD,CO2e_CEM,*,*]:
2010 2011 2012 2013 2014 2015 2016 2017 2018 2019 2020 2021 2022 2023 2024 2025 2026 2027 2028 2029 2030 2031 2032 2033 2034 2035 2036 2037 2038 2039 2040 2041 2042 2043 2044 2045 2046 2047 2048 2049 2050 2051 2052 2053 2054 2055 2056 2057 2058 2059 2060 2061 2062 2063 2064 2065 2066 2067 2068 2069 2070 :=
1 0.5351532 0.5351532 0.5351532 0.5351532 0.5351532 0.5351532 0.5351532 0.5351532 0.5351532 0.5351532 0.5351532 0.5351532 0.5351532 0.5351532 0.5351532 0.5351532 0.5351532 0.5351532 0.5351532 0.5351532 0.5351532 0.5351532 0.5351532 0.5351532 0.5351532 0.5351532 0.5351532 0.5351532 0.5351532 0.5351532 0.5351532 0.5351532 0.5351532 0.5351532 0.5351532 0.5351532 0.5351532 0.5351532 0.5351532 0.5351532 0.5351532 0.5351532 0.5351532 0.5351532 0.5351532 0.5351532 0.5351532 0.5351532 0.5351532 0.5351532 0.5351532 0.5351532 0.5351532 0.5351532 0.5351532 0.5351532 0.5351532 0.5351532 0.5351532 0.5351532 0.5351532 
[ECU,ENE_TERM,CO2e_CEM,*,*]:
2010 2011 2012 2013 2014 2015 2016 2017 2018 2019 2020 2021 2022 2023 2024 2025 2026 2027 2028 2029 2030 2031 2032 2033 2034 2035 2036 2037 2038 2039 2040 2041 2042 2043 2044 2045 2046 2047 2048 2049 2050 2051 2052 2053 2054 2055 2056 2057 2058 2059 2060 2061 2062 2063 2064 2065 2066 2067 2068 2069 2070 :=
1 0.0 0.0 0.0 0.0 0.0 0.0 0.0 0.0 0.0 0.0 0.0 0.0 0.0 0.0 0.0 0.0 0.0 0.0 0.0 0.0 0.0 0.0 0.0 0.0 0.0 0.0 0.0 0.0 0.0 0.0 0.0 0.0 0.0 0.0 0.0 0.0 0.0 0.0 0.0 0.0 0.0 0.0 0.0 0.0 0.0 0.0 0.0 0.0 0.0 0.0 0.0 0.0 0.0 0.0 0.0 0.0 0.0 0.0 0.0 0.0 0.0 
[ECU,ELEC_CEM,CO2e_CEM,*,*]:
2010 2011 2012 2013 2014 2015 2016 2017 2018 2019 2020 2021 2022 2023 2024 2025 2026 2027 2028 2029 2030 2031 2032 2033 2034 2035 2036 2037 2038 2039 2040 2041 2042 2043 2044 2045 2046 2047 2048 2049 2050 2051 2052 2053 2054 2055 2056 2057 2058 2059 2060 2061 2062 2063 2064 2065 2066 2067 2068 2069 2070 :=
1 0.0 0.0 0.0 0.0 0.0 0.0 0.0 0.0 0.0 0.0 0.0 0.0 0.0 0.0 0.0 0.0 0.0 0.0 0.0 0.0 0.0 0.0 0.0 0.0 0.0 0.0 0.0 0.0 0.0 0.0 0.0 0.0 0.0 0.0 0.0 0.0 0.0 0.0 0.0 0.0 0.0 0.0 0.0 0.0 0.0 0.0 0.0 0.0 0.0 0.0 0.0 0.0 0.0 0.0 0.0 0.0 0.0 0.0 0.0 0.0 0.0 
[ECU,PROD_CEM,CO2e_CEM,*,*]:
2010 2011 2012 2013 2014 2015 2016 2017 2018 2019 2020 2021 2022 2023 2024 2025 2026 2027 2028 2029 2030 2031 2032 2033 2034 2035 2036 2037 2038 2039 2040 2041 2042 2043 2044 2045 2046 2047 2048 2049 2050 2051 2052 2053 2054 2055 2056 2057 2058 2059 2060 2061 2062 2063 2064 2065 2066 2067 2068 2069 2070 :=
1 0.0 0.0 0.0 0.0 0.0 0.0 0.0 0.0 0.0 0.0 0.0 0.0 0.0 0.0 0.0 0.0 0.0 0.0 0.0 0.0 0.0 0.0 0.0 0.0 0.0 0.0 0.0 0.0 0.0 0.0 0.0 0.0 0.0 0.0 0.0 0.0 0.0 0.0 0.0 0.0 0.0 0.0 0.0 0.0 0.0 0.0 0.0 0.0 0.0 0.0 0.0 0.0 0.0 0.0 0.0 0.0 0.0 0.0 0.0 0.0 0.0 
[ECU,IRON_STEEL,CO2e_OTHER,*,*]:
2010 2011 2012 2013 2014 2015 2016 2017 2018 2019 2020 2021 2022 2023 2024 2025 2026 2027 2028 2029 2030 2031 2032 2033 2034 2035 2036 2037 2038 2039 2040 2041 2042 2043 2044 2045 2046 2047 2048 2049 2050 2051 2052 2053 2054 2055 2056 2057 2058 2059 2060 2061 2062 2063 2064 2065 2066 2067 2068 2069 2070 :=
1 1.0 1.0 1.0 1.0 1.0 1.0 1.0 1.0 1.0 1.0 1.0 1.0 1.0 1.0 1.0 1.0 1.0 1.0 1.0 1.0 1.0 1.0 1.0 1.0 1.0 1.0 1.0 1.0 1.0 1.0 1.0 1.0 1.0 1.0 1.0 1.0 1.0 1.0 1.0 1.0 1.0 1.0 1.0 1.0 1.0 1.0 1.0 1.0 1.0 1.0 1.0 1.0 1.0 1.0 1.0 1.0 1.0 1.0 1.0 1.0 1.0 
[ECU,ELEC_TERM,CO2e_CEM,*,*]:
2010 2011 2012 2013 2014 2015 2016 2017 2018 2019 2020 2021 2022 2023 2024 2025 2026 2027 2028 2029 2030 2031 2032 2033 2034 2035 2036 2037 2038 2039 2040 2041 2042 2043 2044 2045 2046 2047 2048 2049 2050 2051 2052 2053 2054 2055 2056 2057 2058 2059 2060 2061 2062 2063 2064 2065 2066 2067 2068 2069 2070 :=
1 0.0 0.0 0.0 0.0 0.0 0.0 0.0 0.0 0.0 0.0 0.0 0.0 0.0 0.0 0.0 0.0 0.0 0.0 0.0 0.0 0.0 0.0 0.0 0.0 0.0 0.0 0.0 0.0 0.0 0.0 0.0 0.0 0.0 0.0 0.0 0.0 0.0 0.0 0.0 0.0 0.0 0.0 0.0 0.0 0.0 0.0 0.0 0.0 0.0 0.0 0.0 0.0 0.0 0.0 0.0 0.0 0.0 0.0 0.0 0.0 0.0 
[ECU,PROD_CLK_ELEC,CO2e_CEM,*,*]:
2010 2011 2012 2013 2014 2015 2016 2017 2018 2019 2020 2021 2022 2023 2024 2025 2026 2027 2028 2029 2030 2031 2032 2033 2034 2035 2036 2037 2038 2039 2040 2041 2042 2043 2044 2045 2046 2047 2048 2049 2050 2051 2052 2053 2054 2055 2056 2057 2058 2059 2060 2061 2062 2063 2064 2065 2066 2067 2068 2069 2070 :=
1 0.5351532 0.5351532 0.5351532 0.5351532 0.5351532 0.5351532 0.5351532 0.5351532 0.5351532 0.5351532 0.5351532 0.5351532 0.5351532 0.5351532 0.5351532 0.5351532 0.5351532 0.5351532 0.5351532 0.5351532 0.5351532 0.5351532 0.5351532 0.5351532 0.5351532 0.5351532 0.5351532 0.5351532 0.5351532 0.5351532 0.5351532 0.5351532 0.5351532 0.5351532 0.5351532 0.5351532 0.5351532 0.5351532 0.5351532 0.5351532 0.5351532 0.5351532 0.5351532 0.5351532 0.5351532 0.5351532 0.5351532 0.5351532 0.5351532 0.5351532 0.5351532 0.5351532 0.5351532 0.5351532 0.5351532 0.5351532 0.5351532 0.5351532 0.5351532 0.5351532 0.5351532 
[ECU,LEAD_PROD,CO2e_OTHER,*,*]:
2010 2011 2012 2013 2014 2015 2016 2017 2018 2019 2020 2021 2022 2023 2024 2025 2026 2027 2028 2029 2030 2031 2032 2033 2034 2035 2036 2037 2038 2039 2040 2041 2042 2043 2044 2045 2046 2047 2048 2049 2050 2051 2052 2053 2054 2055 2056 2057 2058 2059 2060 2061 2062 2063 2064 2065 2066 2067 2068 2069 2070 :=
1 1.0 1.0 1.0 1.0 1.0 1.0 1.0 1.0 1.0 1.0 1.0 1.0 1.0 1.0 1.0 1.0 1.0 1.0 1.0 1.0 1.0 1.0 1.0 1.0 1.0 1.0 1.0 1.0 1.0 1.0 1.0 1.0 1.0 1.0 1.0 1.0 1.0 1.0 1.0 1.0 1.0 1.0 1.0 1.0 1.0 1.0 1.0 1.0 1.0 1.0 1.0 1.0 1.0 1.0 1.0 1.0 1.0 1.0 1.0 1.0 1.0 
[ECU,GLASS_PROD,CO2e_OTHER,*,*]:
2010 2011 2012 2013 2014 2015 2016 2017 2018 2019 2020 2021 2022 2023 2024 2025 2026 2027 2028 2029 2030 2031 2032 2033 2034 2035 2036 2037 2038 2039 2040 2041 2042 2043 2044 2045 2046 2047 2048 2049 2050 2051 2052 2053 2054 2055 2056 2057 2058 2059 2060 2061 2062 2063 2064 2065 2066 2067 2068 2069 2070 :=
1 1.0 1.0 1.0 1.0 1.0 1.0 1.0 1.0 1.0 1.0 1.0 1.0 1.0 1.0 1.0 1.0 1.0 1.0 1.0 1.0 1.0 1.0 1.0 1.0 1.0 1.0 1.0 1.0 1.0 1.0 1.0 1.0 1.0 1.0 1.0 1.0 1.0 1.0 1.0 1.0 1.0 1.0 1.0 1.0 1.0 1.0 1.0 1.0 1.0 1.0 1.0 1.0 1.0 1.0 1.0 1.0 1.0 1.0 1.0 1.0 1.0 
[ECU,CERAMICS,CO2e_OTHER,*,*]:
2010 2011 2012 2013 2014 2015 2016 2017 2018 2019 2020 2021 2022 2023 2024 2025 2026 2027 2028 2029 2030 2031 2032 2033 2034 2035 2036 2037 2038 2039 2040 2041 2042 2043 2044 2045 2046 2047 2048 2049 2050 2051 2052 2053 2054 2055 2056 2057 2058 2059 2060 2061 2062 2063 2064 2065 2066 2067 2068 2069 2070 :=
1 1.0 1.0 1.0 1.0 1.0 1.0 1.0 1.0 1.0 1.0 1.0 1.0 1.0 1.0 1.0 1.0 1.0 1.0 1.0 1.0 1.0 1.0 1.0 1.0 1.0 1.0 1.0 1.0 1.0 1.0 1.0 1.0 1.0 1.0 1.0 1.0 1.0 1.0 1.0 1.0 1.0 1.0 1.0 1.0 1.0 1.0 1.0 1.0 1.0 1.0 1.0 1.0 1.0 1.0 1.0 1.0 1.0 1.0 1.0 1.0 1.0 
[ECU,RAW_MAT_CLK,CO2e_CEM,*,*]:
2010 2011 2012 2013 2014 2015 2016 2017 2018 2019 2020 2021 2022 2023 2024 2025 2026 2027 2028 2029 2030 2031 2032 2033 2034 2035 2036 2037 2038 2039 2040 2041 2042 2043 2044 2045 2046 2047 2048 2049 2050 2051 2052 2053 2054 2055 2056 2057 2058 2059 2060 2061 2062 2063 2064 2065 2066 2067 2068 2069 2070 :=
1 0.0 0.0 0.0 0.0 0.0 0.0 0.0 0.0 0.0 0.0 0.0 0.0 0.0 0.0 0.0 0.0 0.0 0.0 0.0 0.0 0.0 0.0 0.0 0.0 0.0 0.0 0.0 0.0 0.0 0.0 0.0 0.0 0.0 0.0 0.0 0.0 0.0 0.0 0.0 0.0 0.0 0.0 0.0 0.0 0.0 0.0 0.0 0.0 0.0 0.0 0.0 0.0 0.0 0.0 0.0 0.0 0.0 0.0 0.0 0.0 0.0 
;

param EmissionsPenalty default 0 :=
[ECU,*,*]:
2010 2011 2012 2013 2014 2015 2016 2017 2018 2019 2020 2021 2022 2023 2024 2025 2026 2027 2028 2029 2030 2031 2032 2033 2034 2035 2036 2037 2038 2039 2040 2041 2042 2043 2044 2045 2046 2047 2048 2049 2050 2051 2052 2053 2054 2055 2056 2057 2058 2059 2060 2061 2062 2063 2064 2065 2066 2067 2068 2069 2070 :=
CO2e_CEM 10.0 10.5 11.0 11.5 12.0 12.5 13.0 13.5 14.0 14.0 14.0 14.8 15.600000000000001 16.400000000000002 17.200000000000003 18.0 18.6 19.200000000000003 19.800000000000004 20.400000000000006 21.0 21.6 22.200000000000003 22.800000000000004 23.400000000000006 24.0 24.8 25.6 26.400000000000002 27.200000000000003 28.0 28.4 28.799999999999997 29.199999999999996 29.599999999999994 30.0 30.8 31.6 32.4 33.199999999999996 34.0 34.0 34.0 34.0 34.0 34.0 34.0 34.0 34.0 34.0 34.0 34.0 34.0 34.0 34.0 34.0 34.0 34.0 34.0 34.0 34.0 
;

param FixedCost default 0 :=
[ECU,*,*]:
2010 2011 2012 2013 2014 2015 2016 2017 2018 2019 2020 2021 2022 2023 2024 2025 2026 2027 2028 2029 2030 2031 2032 2033 2034 2035 2036 2037 2038 2039 2040 2041 2042 2043 2044 2045 2046 2047 2048 2049 2050 2051 2052 2053 2054 2055 2056 2057 2058 2059 2060 2061 2062 2063 2064 2065 2066 2067 2068 2069 2070 :=
PROD_CLK_TRAD 0.0 0.0 0.0 0.0 0.0 0.0 0.0 0.0 0.0 0.0 0.0 0.0 0.0 0.0 0.0 0.0 0.0 0.0 0.0 0.0 0.0 0.0 0.0 0.0 0.0 0.0 0.0 0.0 0.0 0.0 0.0 0.0 0.0 0.0 0.0 0.0 0.0 0.0 0.0 0.0 0.0 0.0 0.0 0.0 0.0 0.0 0.0 0.0 0.0 0.0 0.0 0.0 0.0 0.0 0.0 0.0 0.0 0.0 0.0 0.0 0.0 
PROD_CLK_ELEC 0.0 0.0 0.0 0.0 0.0 0.0 0.0 0.0 0.0 0.0 0.0 0.0 0.0 0.0 0.0 0.0 0.0 0.0 0.0 0.0 0.0 0.0 0.0 0.0 0.0 0.0 0.0 0.0 0.0 0.0 0.0 0.0 0.0 0.0 0.0 0.0 0.0 0.0 0.0 0.0 0.0 0.0 0.0 0.0 0.0 0.0 0.0 0.0 0.0 0.0 0.0 0.0 0.0 0.0 0.0 0.0 0.0 0.0 0.0 0.0 0.0 
PROD_CEM 0.0 0.0 0.0 0.0 0.0 0.0 0.0 0.0 0.0 0.0 0.0 0.0 0.0 0.0 0.0 0.0 0.0 0.0 0.0 0.0 0.0 0.0 0.0 0.0 0.0 0.0 0.0 0.0 0.0 0.0 0.0 0.0 0.0 0.0 0.0 0.0 0.0 0.0 0.0 0.0 0.0 0.0 0.0 0.0 0.0 0.0 0.0 0.0 0.0 0.0 0.0 0.0 0.0 0.0 0.0 0.0 0.0 0.0 0.0 0.0 0.0 
;

param InputActivityRatio default 0 :=
[ECU,PROD_CEM,RAW_MAT_CEM,*,*]:
2010 2011 2012 2013 2014 2015 2016 2017 2018 2019 2020 2021 2022 2023 2024 2025 2026 2027 2028 2029 2030 2031 2032 2033 2034 2035 2036 2037 2038 2039 2040 2041 2042 2043 2044 2045 2046 2047 2048 2049 2050 2051 2052 2053 2054 2055 2056 2057 2058 2059 2060 2061 2062 2063 2064 2065 2066 2067 2068 2069 2070 :=
1 0.3689 0.41280000000000006 0.45099999999999996 0.4556 0.4599 0.4101 0.3449 0.29700000000000004 0.24968253473241797 0.16000000000000003 0.20999999999999996 0.12 0.12 0.12 0.12595744680850984 0.13191489361702047 0.1378723404255311 0.14382978723404172 0.14978723404255234 0.15574468085106297 0.1617021276595736 0.16765957446808422 0.17361702127659484 0.17957446808510547 0.1855319148936161 0.19148936170212671 0.19744680851063734 0.20340425531914796 0.2093617021276586 0.2153191489361692 0.22127659574467984 0.22723404255319046 0.2331914893617011 0.2391489361702117 0.24510638297872234 0.25106382978723296 0.2570212765957436 0.2629787234042542 0.26893617021276484 0.27489361702127546 0.2808510638297861 0.2868085106382967 0.29276595744680733 0.29872340425531796 0.3046808510638286 0.3106382978723392 0.31659574468084983 0.32255319148936046 0.3285106382978711 0.3344680851063817 0.34042553191489233 0.34638297872340296 0.3523404255319136 0.3582978723404242 0.36425531914893483 0.37021276595744546 0.3761702127659561 0.3821276595744667 0.38808510638297733 0.39404255319148795 0.4 
[ECU,PROD_CEM,CLK_PROD,*,*]:
2010 2011 2012 2013 2014 2015 2016 2017 2018 2019 2020 2021 2022 2023 2024 2025 2026 2027 2028 2029 2030 2031 2032 2033 2034 2035 2036 2037 2038 2039 2040 2041 2042 2043 2044 2045 2046 2047 2048 2049 2050 2051 2052 2053 2054 2055 2056 2057 2058 2059 2060 2061 2062 2063 2064 2065 2066 2067 2068 2069 2070 :=
1 0.6311 0.5871999999999999 0.549 0.5444 0.5401 0.5899 0.6551 0.703 0.750317465267582 0.84 0.79 0.88 0.88 0.88 0.8740425531914902 0.8680851063829795 0.8621276595744689 0.8561702127659583 0.8502127659574477 0.844255319148937 0.8382978723404264 0.8323404255319158 0.8263829787234052 0.8204255319148945 0.8144680851063839 0.8085106382978733 0.8025531914893627 0.796595744680852 0.7906382978723414 0.7846808510638308 0.7787234042553202 0.7727659574468095 0.7668085106382989 0.7608510638297883 0.7548936170212777 0.748936170212767 0.7429787234042564 0.7370212765957458 0.7310638297872352 0.7251063829787245 0.7191489361702139 0.7131914893617033 0.7072340425531927 0.701276595744682 0.6953191489361714 0.6893617021276608 0.6834042553191502 0.6774468085106395 0.6714893617021289 0.6655319148936183 0.6595744680851077 0.653617021276597 0.6476595744680864 0.6417021276595758 0.6357446808510652 0.6297872340425545 0.6238297872340439 0.6178723404255333 0.6119148936170227 0.605957446808512 0.6 
[ECU,PROD_CEM,ELEC_CEM,*,*]:
2010 2011 2012 2013 2014 2015 2016 2017 2018 2019 2020 2021 2022 2023 2024 2025 2026 2027 2028 2029 2030 2031 2032 2033 2034 2035 2036 2037 2038 2039 2040 2041 2042 2043 2044 2045 2046 2047 2048 2049 2050 2051 2052 2053 2054 2055 2056 2057 2058 2059 2060 2061 2062 2063 2064 2065 2066 2067 2068 2069 2070 :=
1 0.3636 0.3636 0.3636 0.3636 0.3636 0.3636 0.3636 0.3636 0.3636 0.3636 0.3636 0.3636 0.3636 0.3636 0.3636 0.3636 0.3636 0.3636 0.3636 0.3636 0.3636 0.3636 0.3636 0.3636 0.3636 0.3636 0.3636 0.3636 0.3636 0.3636 0.3636 0.3636 0.3636 0.3636 0.3636 0.3636 0.3636 0.3636 0.3636 0.3636 0.3636 0.3636 0.3636 0.3636 0.3636 0.3636 0.3636 0.3636 0.3636 0.3636 0.3636 0.3636 0.3636 0.3636 0.3636 0.3636 0.3636 0.3636 0.3636 0.3636 0.3636 
[ECU,PROD_CLK_TRAD,ENE_TERM,*,*]:
2010 2011 2012 2013 2014 2015 2016 2017 2018 2019 2020 2021 2022 2023 2024 2025 2026 2027 2028 2029 2030 2031 2032 2033 2034 2035 2036 2037 2038 2039 2040 2041 2042 2043 2044 2045 2046 2047 2048 2049 2050 2051 2052 2053 2054 2055 2056 2057 2058 2059 2060 2061 2062 2063 2064 2065 2066 2067 2068 2069 2070 :=
1 3.51 3.51 3.51 3.51 3.51 3.51 3.51 3.51 3.51 3.51 3.51 3.51 3.51 3.51 3.51 3.51 3.51 3.51 3.51 3.51 3.51 3.51 3.51 3.51 3.51 3.51 3.51 3.51 3.51 3.51 3.51 3.51 3.51 3.51 3.51 3.51 3.51 3.51 3.51 3.51 3.51 3.51 3.51 3.51 3.51 3.51 3.51 3.51 3.51 3.51 3.51 3.51 3.51 3.51 3.51 3.51 3.51 3.51 3.51 3.51 3.51 
[ECU,PROD_CLK_TRAD,RAW_MAT_CLK,*,*]:
2010 2011 2012 2013 2014 2015 2016 2017 2018 2019 2020 2021 2022 2023 2024 2025 2026 2027 2028 2029 2030 2031 2032 2033 2034 2035 2036 2037 2038 2039 2040 2041 2042 2043 2044 2045 2046 2047 2048 2049 2050 2051 2052 2053 2054 2055 2056 2057 2058 2059 2060 2061 2062 2063 2064 2065 2066 2067 2068 2069 2070 :=
1 1.0 1.0 1.0 1.0 1.0 1.0 1.0 1.0 1.0 1.0 1.0 1.0 1.0 1.0 1.0 1.0 1.0 1.0 1.0 1.0 1.0 1.0 1.0 1.0 1.0 1.0 1.0 1.0 1.0 1.0 1.0 1.0 1.0 1.0 1.0 1.0 1.0 1.0 1.0 1.0 1.0 1.0 1.0 1.0 1.0 1.0 1.0 1.0 1.0 1.0 1.0 1.0 1.0 1.0 1.0 1.0 1.0 1.0 1.0 1.0 1.0 
[ECU,T5CEM_PRODCEM_PROD,CEM_PROD,*,*]:
2010 2011 2012 2013 2014 2015 2016 2017 2018 2019 2020 2021 2022 2023 2024 2025 2026 2027 2028 2029 2030 2031 2032 2033 2034 2035 2036 2037 2038 2039 2040 2041 2042 2043 2044 2045 2046 2047 2048 2049 2050 2051 2052 2053 2054 2055 2056 2057 2058 2059 2060 2061 2062 2063 2064 2065 2066 2067 2068 2069 2070 :=
1 1.0 1.0 1.0 1.0 1.0 1.0 1.0 1.0 1.0 1.0 1.0 1.0 1.0 1.0 1.0 1.0 1.0 1.0 1.0 1.0 1.0 1.0 1.0 1.0 1.0 1.0 1.0 1.0 1.0 1.0 1.0 1.0 1.0 1.0 1.0 1.0 1.0 1.0 1.0 1.0 1.0 1.0 1.0 1.0 1.0 1.0 1.0 1.0 1.0 1.0 1.0 1.0 1.0 1.0 1.0 1.0 1.0 1.0 1.0 1.0 1.0 
[ECU,PROD_CLK_ELEC,ELE_TERM,*,*]:
2010 2011 2012 2013 2014 2015 2016 2017 2018 2019 2020 2021 2022 2023 2024 2025 2026 2027 2028 2029 2030 2031 2032 2033 2034 2035 2036 2037 2038 2039 2040 2041 2042 2043 2044 2045 2046 2047 2048 2049 2050 2051 2052 2053 2054 2055 2056 2057 2058 2059 2060 2061 2062 2063 2064 2065 2066 2067 2068 2069 2070 :=
1 5.51 5.51 5.51 5.51 5.51 5.51 5.51 5.51 5.51 5.51 5.51 5.51 5.51 5.51 5.51 5.51 5.51 5.51 5.51 5.51 5.51 5.51 5.51 5.51 5.51 5.51 5.51 5.51 5.51 5.51 5.51 5.51 5.51 5.51 5.51 5.51 5.51 5.51 5.51 5.51 5.51 5.51 5.51 5.51 5.51 5.51 5.51 5.51 5.51 5.51 5.51 5.51 5.51 5.51 5.51 5.51 5.51 5.51 5.51 5.51 5.51 
[ECU,PROD_CLK_ELEC,RAW_MAT_CLK,*,*]:
2010 2011 2012 2013 2014 2015 2016 2017 2018 2019 2020 2021 2022 2023 2024 2025 2026 2027 2028 2029 2030 2031 2032 2033 2034 2035 2036 2037 2038 2039 2040 2041 2042 2043 2044 2045 2046 2047 2048 2049 2050 2051 2052 2053 2054 2055 2056 2057 2058 2059 2060 2061 2062 2063 2064 2065 2066 2067 2068 2069 2070 :=
1 1.0 1.0 1.0 1.0 1.0 1.0 1.0 1.0 1.0 1.0 1.0 1.0 1.0 1.0 1.0 1.0 1.0 1.0 1.0 1.0 1.0 1.0 1.0 1.0 1.0 1.0 1.0 1.0 1.0 1.0 1.0 1.0 1.0 1.0 1.0 1.0 1.0 1.0 1.0 1.0 1.0 1.0 1.0 1.0 1.0 1.0 1.0 1.0 1.0 1.0 1.0 1.0 1.0 1.0 1.0 1.0 1.0 1.0 1.0 1.0 1.0 
;

param OperationalLife default 1 :
ENE_TERM RAW_MAT_CLK ELEC_TERM ELEC_CEM RAW_MAT_CEM PROD_CLK_TRAD PROD_CLK_ELEC PROD_CEM T5CEM_PRODCEM_PROD :=
ECU 100 100 100 100 100 40 30 100 100 
;

param OutputActivityRatio default 0 :=
[ECU,RAW_MAT_CEM,RAW_MAT_CEM,*,*]:
2010 2011 2012 2013 2014 2015 2016 2017 2018 2019 2020 2021 2022 2023 2024 2025 2026 2027 2028 2029 2030 2031 2032 2033 2034 2035 2036 2037 2038 2039 2040 2041 2042 2043 2044 2045 2046 2047 2048 2049 2050 2051 2052 2053 2054 2055 2056 2057 2058 2059 2060 2061 2062 2063 2064 2065 2066 2067 2068 2069 2070 :=
1 1 1 1 1 1 1 1 1 1 1 1 1 1 1 1 1 1 1 1 1 1 1 1 1 1 1 1 1 1 1 1 1 1 1 1 1 1 1 1 1 1 1 1 1 1 1 1 1 1 1 1 1 1 1 1 1 1 1 1 1 1 
[ECU,PROD_CLK_TRAD,CLK_PROD,*,*]:
2010 2011 2012 2013 2014 2015 2016 2017 2018 2019 2020 2021 2022 2023 2024 2025 2026 2027 2028 2029 2030 2031 2032 2033 2034 2035 2036 2037 2038 2039 2040 2041 2042 2043 2044 2045 2046 2047 2048 2049 2050 2051 2052 2053 2054 2055 2056 2057 2058 2059 2060 2061 2062 2063 2064 2065 2066 2067 2068 2069 2070 :=
1 1.0 1.0 1.0 1.0 1.0 1.0 1.0 1.0 1.0 1.0 1.0 1.0 1.0 1.0 1.0 1.0 1.0 1.0 1.0 1.0 1.0 1.0 1.0 1.0 1.0 1.0 1.0 1.0 1.0 1.0 1.0 1.0 1.0 1.0 1.0 1.0 1.0 1.0 1.0 1.0 1.0 1.0 1.0 1.0 1.0 1.0 1.0 1.0 1.0 1.0 1.0 1.0 1.0 1.0 1.0 1.0 1.0 1.0 1.0 1.0 1.0 
[ECU,ENE_TERM,ENE_TERM,*,*]:
2010 2011 2012 2013 2014 2015 2016 2017 2018 2019 2020 2021 2022 2023 2024 2025 2026 2027 2028 2029 2030 2031 2032 2033 2034 2035 2036 2037 2038 2039 2040 2041 2042 2043 2044 2045 2046 2047 2048 2049 2050 2051 2052 2053 2054 2055 2056 2057 2058 2059 2060 2061 2062 2063 2064 2065 2066 2067 2068 2069 2070 :=
1 1 1 1 1 1 1 1 1 1 1 1 1 1 1 1 1 1 1 1 1 1 1 1 1 1 1 1 1 1 1 1 1 1 1 1 1 1 1 1 1 1 1 1 1 1 1 1 1 1 1 1 1 1 1 1 1 1 1 1 1 1 
[ECU,ELEC_CEM,ELEC_CEM,*,*]:
2010 2011 2012 2013 2014 2015 2016 2017 2018 2019 2020 2021 2022 2023 2024 2025 2026 2027 2028 2029 2030 2031 2032 2033 2034 2035 2036 2037 2038 2039 2040 2041 2042 2043 2044 2045 2046 2047 2048 2049 2050 2051 2052 2053 2054 2055 2056 2057 2058 2059 2060 2061 2062 2063 2064 2065 2066 2067 2068 2069 2070 :=
1 1 1 1 1 1 1 1 1 1 1 1 1 1 1 1 1 1 1 1 1 1 1 1 1 1 1 1 1 1 1 1 1 1 1 1 1 1 1 1 1 1 1 1 1 1 1 1 1 1 1 1 1 1 1 1 1 1 1 1 1 1 
[ECU,T5CEM_PRODCEM_PROD,E5_CEM_PRODCEM_PROD,*,*]:
2010 2011 2012 2013 2014 2015 2016 2017 2018 2019 2020 2021 2022 2023 2024 2025 2026 2027 2028 2029 2030 2031 2032 2033 2034 2035 2036 2037 2038 2039 2040 2041 2042 2043 2044 2045 2046 2047 2048 2049 2050 2051 2052 2053 2054 2055 2056 2057 2058 2059 2060 2061 2062 2063 2064 2065 2066 2067 2068 2069 2070 :=
1 1 1 1 1 1 1 1 1 1 1 1 1 1 1 1 1 1 1 1 1 1 1 1 1 1 1 1 1 1 1 1 1 1 1 1 1 1 1 1 1 1 1 1 1 1 1 1 1 1 1 1 1 1 1 1 1 1 1 1 1 1 
[ECU,PROD_CEM,CEM_PROD,*,*]:
2010 2011 2012 2013 2014 2015 2016 2017 2018 2019 2020 2021 2022 2023 2024 2025 2026 2027 2028 2029 2030 2031 2032 2033 2034 2035 2036 2037 2038 2039 2040 2041 2042 2043 2044 2045 2046 2047 2048 2049 2050 2051 2052 2053 2054 2055 2056 2057 2058 2059 2060 2061 2062 2063 2064 2065 2066 2067 2068 2069 2070 :=
1 1.0 1.0 1.0 1.0 1.0 1.0 1.0 1.0 1.0 1.0 1.0 1.0 1.0 1.0 1.0 1.0 1.0 1.0 1.0 1.0 1.0 1.0 1.0 1.0 1.0 1.0 1.0 1.0 1.0 1.0 1.0 1.0 1.0 1.0 1.0 1.0 1.0 1.0 1.0 1.0 1.0 1.0 1.0 1.0 1.0 1.0 1.0 1.0 1.0 1.0 1.0 1.0 1.0 1.0 1.0 1.0 1.0 1.0 1.0 1.0 1.0 
[ECU,ELEC_TERM,ELEC_TERM,*,*]:
2010 2011 2012 2013 2014 2015 2016 2017 2018 2019 2020 2021 2022 2023 2024 2025 2026 2027 2028 2029 2030 2031 2032 2033 2034 2035 2036 2037 2038 2039 2040 2041 2042 2043 2044 2045 2046 2047 2048 2049 2050 2051 2052 2053 2054 2055 2056 2057 2058 2059 2060 2061 2062 2063 2064 2065 2066 2067 2068 2069 2070 :=
1 1 1 1 1 1 1 1 1 1 1 1 1 1 1 1 1 1 1 1 1 1 1 1 1 1 1 1 1 1 1 1 1 1 1 1 1 1 1 1 1 1 1 1 1 1 1 1 1 1 1 1 1 1 1 1 1 1 1 1 1 1 
[ECU,PROD_CLK_ELEC,CLK_PROD,*,*]:
2010 2011 2012 2013 2014 2015 2016 2017 2018 2019 2020 2021 2022 2023 2024 2025 2026 2027 2028 2029 2030 2031 2032 2033 2034 2035 2036 2037 2038 2039 2040 2041 2042 2043 2044 2045 2046 2047 2048 2049 2050 2051 2052 2053 2054 2055 2056 2057 2058 2059 2060 2061 2062 2063 2064 2065 2066 2067 2068 2069 2070 :=
1 1.0 1.0 1.0 1.0 1.0 1.0 1.0 1.0 1.0 1.0 1.0 1.0 1.0 1.0 1.0 1.0 1.0 1.0 1.0 1.0 1.0 1.0 1.0 1.0 1.0 1.0 1.0 1.0 1.0 1.0 1.0 1.0 1.0 1.0 1.0 1.0 1.0 1.0 1.0 1.0 1.0 1.0 1.0 1.0 1.0 1.0 1.0 1.0 1.0 1.0 1.0 1.0 1.0 1.0 1.0 1.0 1.0 1.0 1.0 1.0 1.0 
[ECU,RAW_MAT_CLK,RAW_MAT_CLK,*,*]:
2010 2011 2012 2013 2014 2015 2016 2017 2018 2019 2020 2021 2022 2023 2024 2025 2026 2027 2028 2029 2030 2031 2032 2033 2034 2035 2036 2037 2038 2039 2040 2041 2042 2043 2044 2045 2046 2047 2048 2049 2050 2051 2052 2053 2054 2055 2056 2057 2058 2059 2060 2061 2062 2063 2064 2065 2066 2067 2068 2069 2070 :=
1 1 1 1 1 1 1 1 1 1 1 1 1 1 1 1 1 1 1 1 1 1 1 1 1 1 1 1 1 1 1 1 1 1 1 1 1 1 1 1 1 1 1 1 1 1 1 1 1 1 1 1 1 1 1 1 1 1 1 1 1 1 
;

param ResidualCapacity default 0 :=
[ECU,*,*]:
2010 2011 2012 2013 2014 2015 2016 2017 2018 2019 2020 2021 2022 2023 2024 2025 2026 2027 2028 2029 2030 2031 2032 2033 2034 2035 2036 2037 2038 2039 2040 2041 2042 2043 2044 2045 2046 2047 2048 2049 2050 2051 2052 2053 2054 2055 2056 2057 2058 2059 2060 2061 2062 2063 2064 2065 2066 2067 2068 2069 2070 :=
PROD_CLK_TRAD 4.802 4.802 4.802 4.802 4.802 4.802 4.802 4.802 4.802 4.61 4.4179 4.2258 4.0337 3.8416 3.6495 3.4575 3.2654 3.0733 2.8812 2.6891 2.4971 2.305 2.1129 1.9208 1.7287 1.5367 1.3446 1.1525 0.9604 0.7683 0.5762 0.3842 0.1921 0.0 0.0 0.0 0.0 0.0 0.0 0.0 0.0 0.0 0.0 0.0 0.0 0.0 0.0 0.0 0.0 0.0 0.0 0.0 0.0 0.0 0.0 0.0 0.0 0.0 0.0 0.0 0.0 
PROD_CLK_ELEC 0.0 0.0 0.0 0.0 0.0 0.0 0.0 0.0 0.0 0.0 0.0 0.0 0.0 0.0 0.0 0.0 0.0 0.0 0.0 0.0 0.0 0.0 0.0 0.0 0.0 0.0 0.0 0.0 0.0 0.0 0.0 0.0 0.0 0.0 0.0 0.0 0.0 0.0 0.0 0.0 0.0 0.0 0.0 0.0 0.0 0.0 0.0 0.0 0.0 0.0 0.0 0.0 0.0 0.0 0.0 0.0 0.0 0.0 0.0 0.0 0.0 
PROD_CEM 6.4 6.4 6.4 6.4 6.4 6.4 6.4 6.4 6.4 6.144 5.888 5.632 5.376 5.12 4.864 4.608 4.352 4.096 3.84 3.584 3.328 3.072 2.816 2.56 2.304 2.048 1.792 1.536 1.28 1.024 0.768 0.512 0.256 0.0 0.0 0.0 0.0 0.0 0.0 0.0 0.0 0.0 0.0 0.0 0.0 0.0 0.0 0.0 0.0 0.0 0.0 0.0 0.0 0.0 0.0 0.0 0.0 0.0 0.0 0.0 0.0 
;

param SpecifiedAnnualDemand default 0 :=
[ECU,*,*]:
2010 2011 2012 2013 2014 2015 2016 2017 2018 2019 2020 2021 2022 2023 2024 2025 2026 2027 2028 2029 2030 2031 2032 2033 2034 2035 2036 2037 2038 2039 2040 2041 2042 2043 2044 2045 2046 2047 2048 2049 2050 2051 2052 2053 2054 2055 2056 2057 2058 2059 2060 2061 2062 2063 2064 2065 2066 2067 2068 2069 2070 :=
E5_CEM_PRODCEM_PROD 5.2749 5.6682 6.0615 6.3078 6.5541 5.7819 5.0097 5.0328 5.0559 4.2404 3.4119 5.0137 4.6246 4.8611 5.0975 5.334 5.5704 5.8068 6.0433 6.2798 6.5162 6.7527 6.9892 7.2256 7.4621 7.6985 7.274267658789873 7.491031990329683 7.707796321869552 7.924560653409362 8.14132498494923 8.35808931648904 8.57485364802891 8.79161797956872 9.008382311108589 9.225146642648399 9.441910974188268 9.658675305728078 9.875439637267947 10.092203968807816 10.308968300347626 10.525732631887495 10.742496963427305 10.959261294967174 11.176025626506984 11.392789958046853 11.609554289586663 11.826318621126532 12.043082952666342 12.259847284206211 12.476611615746021 12.69337594728589 12.9101402788257 13.12690461036557 13.34366894190538 13.560433273445248 13.777197604985119 13.993961936524927 14.210726268064796 14.427490599604607 14.644254931144477 
;

param SpecifiedDemandProfile default 0 :=
[ECU,E5_CEM_PRODCEM_PROD,*,*]:
2010 2011 2012 2013 2014 2015 2016 2017 2018 2019 2020 2021 2022 2023 2024 2025 2026 2027 2028 2029 2030 2031 2032 2033 2034 2035 2036 2037 2038 2039 2040 2041 2042 2043 2044 2045 2046 2047 2048 2049 2050 2051 2052 2053 2054 2055 2056 2057 2058 2059 2060 2061 2062 2063 2064 2065 2066 2067 2068 2069 2070 :=
All 1 1 1 1 1 1 1 1 1 1 1 1 1 1 1 1 1 1 1 1 1 1 1 1 1 1 1 1 1 1 1 1 1 1 1 1 1 1 1 1 1 1 1 1 1 1 1 1 1 1 1 1 1 1 1 1 1 1 1 1 1 
;

param TotalAnnualMaxCapacity default 99999 :=
[ECU,*,*]:
2010 2011 2012 2013 2014 2015 2016 2017 2018 2019 2020 2021 2022 2023 2024 2025 2026 2027 2028 2029 2030 2031 2032 2033 2034 2035 2036 2037 2038 2039 2040 2041 2042 2043 2044 2045 2046 2047 2048 2049 2050 2051 2052 2053 2054 2055 2056 2057 2058 2059 2060 2061 2062 2063 2064 2065 2066 2067 2068 2069 2070 :=
PROD_CLK_ELEC 0.0 0.0 0.0 0.0 0.0 0.0 0.0 0.0 0.0 0.0 0.0 0.0 0.0 0.0 0.0 0.0 0.0 0.0 0.0 0.0 0.0 0.0 0.0 0.0 0.0 0.0 0.0 0.0 0.0 0.0 0.0 0.0 0.0 0.0 0.0 0.0 0.0 0.0 0.0 0.0 0.0 0.0 0.0 0.0 0.0 0.0 0.0 0.0 0.0 0.0 0.0 0.0 0.0 0.0 0.0 0.0 0.0 0.0 0.0 0.0 0.0 
;

param TotalTechnologyAnnualActivityLowerLimit default 0 :=
[ECU,*,*]:
2010 2011 2012 2013 2014 2015 2016 2017 2018 2019 2020 2021 2022 2023 2024 2025 2026 2027 2028 2029 2030 2031 2032 2033 2034 2035 2036 2037 2038 2039 2040 2041 2042 2043 2044 2045 2046 2047 2048 2049 2050 2051 2052 2053 2054 2055 2056 2057 2058 2059 2060 2061 2062 2063 2064 2065 2066 2067 2068 2069 2070 :=
HFC_use 0.2149 0.252 0.2891 0.3318 0.3745 0.4237 0.4729 0.496 0.5191 0.8611 1.203 1.3251 1.9576 2.384 2.8103 3.2367 3.6631 4.0895 4.5159 4.9422 5.3686 5.38 5.3913 5.4026 5.414 5.4253 5.4425 5.4538 5.4651 5.4765 5.4878 5.4992 5.5105 5.5218 5.5332 5.5445 5.5559 5.5672 5.5785 5.5899 5.6012 5.6126 5.6239 5.6352 5.6466 5.6579 5.6693 5.6806 5.6919 5.7033 5.7146 5.726 5.7373 5.7486 5.76 5.7713 5.7827 5.794 5.8053 5.8167 5.828 
LIME_PROD 0.0665 0.0692 0.0719 0.0742 0.0766 0.0852 0.0938 0.1005 0.1071 0.1144 0.1216 0.2199 0.1791 0.1829 0.1868 0.1908 0.1949 0.1991 0.2034 0.2077 0.2121 0.2167 0.2213 0.226 0.2309 0.2358 0.2613 0.269 0.2767 0.2844 0.2921 0.2998 0.3075 0.3152 0.3229 0.3306 0.3383 0.346 0.3537 0.3614 0.3691 0.3768 0.3845 0.3922 0.3999 0.4076 0.4153 0.423 0.4307 0.4384 0.4461 0.4538 0.4615 0.4692 0.4769 0.4846 0.4923 0.5 0.5077 0.5154 0.5231 
GLASS_PROD 0.0075 0.0092 0.0109 0.0126 0.0143 0.0125 0.0107 0.0124 0.0141 0.0094 0.0047 0.0089 0.0081 0.0083 0.0084 0.0086 0.0088 0.009 0.0092 0.0094 0.0096 0.0098 0.01 0.0102 0.0104 0.0107 0.0108 0.011 0.0112 0.0114 0.0116 0.0118 0.012 0.0122 0.0124 0.0126 0.0128 0.013 0.0132 0.0134 0.0136 0.0138 0.014 0.0142 0.0144 0.0146 0.0148 0.015 0.0152 0.0154 0.0156 0.0158 0.016 0.0162 0.0164 0.0166 0.0168 0.017 0.0172 0.0174 0.0176 
CERAMICS 0.3181 0.4096 0.5012 0.4401 0.3789 0.383 0.3872 0.296 0.2049 0.1522 0.0995 0.0446 0.2117 0.2162 0.2208 0.2256 0.2304 0.2353 0.2404 0.2455 0.2507 0.2561 0.2616 0.2672 0.2729 0.2787 0.2786 0.2838 0.2889 0.2941 0.2992 0.3044 0.3095 0.3147 0.3198 0.325 0.3301 0.3353 0.3404 0.3456 0.3507 0.3559 0.361 0.3662 0.3713 0.3765 0.3816 0.3868 0.3919 0.3971 0.4022 0.4074 0.4125 0.4177 0.4228 0.428 0.4331 0.4383 0.4434 0.4486 0.4537 
SODA_ASH 0.0 0.0009 0.0018 0.0018 0.0018 0.0009 0.0 0.0015 0.0031 0.0058 0.0085 0.0012 0.0017 0.0017 0.0018 0.0018 0.0019 0.0019 0.0019 0.002 0.002 0.0021 0.0021 0.0021 0.0022 0.0022 0.0023 0.0023 0.0023 0.0024 0.0024 0.0025 0.0025 0.0025 0.0026 0.0026 0.0027 0.0027 0.0027 0.0028 0.0028 0.0029 0.0029 0.0029 0.003 0.003 0.0031 0.0031 0.0031 0.0032 0.0032 0.0033 0.0033 0.0033 0.0034 0.0034 0.0035 0.0035 0.0035 0.0036 0.0036 
IRON_STEEL 0.0298 0.0317 0.0336 0.0357 0.0378 0.0404 0.0429 0.0496 0.0564 0.0459 0.0354 0.0779 0.0801 0.0818 0.0836 0.0853 0.0872 0.089 0.0909 0.0929 0.0949 0.0969 0.099 0.1011 0.1032 0.1055 0.1071 0.109 0.111 0.1129 0.1149 0.1168 0.1188 0.1207 0.1227 0.1246 0.1266 0.1285 0.1305 0.1324 0.1344 0.1363 0.1383 0.1402 0.1422 0.1441 0.1461 0.148 0.15 0.1519 0.1539 0.1558 0.1578 0.1597 0.1617 0.1636 0.1656 0.1675 0.1695 0.1714 0.1734 
LEAD_PROD 0.0013 0.0016 0.0019 0.0023 0.0027 0.0029 0.003 0.0035 0.004 0.007 0.01 0.0087 0.0066 0.0067 0.0069 0.007 0.0072 0.0073 0.0075 0.0077 0.0078 0.008 0.0082 0.0083 0.0085 0.0087 0.0088 0.009 0.0091 0.0093 0.0095 0.0096 0.0098 0.01 0.0101 0.0103 0.0104 0.0106 0.0108 0.0109 0.0111 0.0113 0.0114 0.0116 0.0117 0.0119 0.0121 0.0122 0.0124 0.0125 0.0127 0.0129 0.013 0.0132 0.0134 0.0135 0.0137 0.0138 0.014 0.0142 0.0143 
LUBRI 0.0 0.0001 0.0002 0.0028 0.0054 0.0056 0.0057 0.0053 0.0049 0.0043 0.0037 0.0036 0.003 0.0031 0.0031 0.0032 0.0033 0.0033 0.0034 0.0035 0.0036 0.0036 0.0037 0.0038 0.0039 0.0039 0.004 0.0041 0.0042 0.0042 0.0043 0.0044 0.0045 0.0045 0.0046 0.0047 0.0047 0.0048 0.0049 0.005 0.005 0.0051 0.0052 0.0053 0.0053 0.0054 0.0055 0.0055 0.0056 0.0057 0.0058 0.0058 0.0059 0.006 0.006 0.0061 0.0062 0.0063 0.0063 0.0064 0.0065 
PARAFFIN 0.0003 0.0002 0.0 0.0003 0.0005 0.0004 0.0004 0.0007 0.0009 0.0006 0.0003 0.0006 0.0001 0.0001 0.0001 0.0001 0.0001 0.0001 0.0001 0.0001 0.0001 0.0001 0.0001 0.0001 0.0001 0.0001 0.0001 0.0001 0.0001 0.0001 0.0001 0.0001 0.0001 0.0001 0.0001 0.0001 0.0001 0.0001 0.0001 0.0001 0.0001 0.0001 0.0001 0.0001 0.0001 0.0001 0.0001 0.0001 0.0001 0.0001 0.0001 0.0001 0.0001 0.0001 0.0001 0.0001 0.0001 0.0001 0.0001 0.0001 0.0001 
PROD_CLK_TRAD 0.0 0.0 0.0 0.0 0.0 0.0 0.0 0.0 0.0 0.0 0.0 0.0 0.0 0.0 0.0 0.0 0.0 0.0 0.0 0.0 0.0 0.0 0.0 0.0 0.0 0.0 0.0 0.0 0.0 0.0 0.0 0.0 0.0 0.0 0.0 0.0 0.0 0.0 0.0 0.0 0.0 0.0 0.0 0.0 0.0 0.0 0.0 0.0 0.0 0.0 0.0 0.0 0.0 0.0 0.0 0.0 0.0 0.0 0.0 0.0 0.0 
PROD_CLK_ELEC 0.0 0.0 0.0 0.0 0.0 0.0 0.0 0.0 0.0 0.0 0.0 0.0 0.0 0.0 0.0 0.0 0.0 0.0 0.0 0.0 0.0 0.0 0.0 0.0 0.0 0.0 0.0 0.0 0.0 0.0 0.0 0.0 0.0 0.0 0.0 0.0 0.0 0.0 0.0 0.0 0.0 0.0 0.0 0.0 0.0 0.0 0.0 0.0 0.0 0.0 0.0 0.0 0.0 0.0 0.0 0.0 0.0 0.0 0.0 0.0 0.0 
PROD_CEM 0.0 0.0 0.0 0.0 0.0 0.0 0.0 0.0 0.0 0.0 0.0 0.0 0.0 0.0 0.0 0.0 0.0 0.0 0.0 0.0 0.0 0.0 0.0 0.0 0.0 0.0 0.0 0.0 0.0 0.0 0.0 0.0 0.0 0.0 0.0 0.0 0.0 0.0 0.0 0.0 0.0 0.0 0.0 0.0 0.0 0.0 0.0 0.0 0.0 0.0 0.0 0.0 0.0 0.0 0.0 0.0 0.0 0.0 0.0 0.0 0.0 
;

param TotalTechnologyAnnualActivityUpperLimit default 99999 :=
[ECU,*,*]:
2010 2011 2012 2013 2014 2015 2016 2017 2018 2019 2020 2021 2022 2023 2024 2025 2026 2027 2028 2029 2030 2031 2032 2033 2034 2035 2036 2037 2038 2039 2040 2041 2042 2043 2044 2045 2046 2047 2048 2049 2050 2051 2052 2053 2054 2055 2056 2057 2058 2059 2060 2061 2062 2063 2064 2065 2066 2067 2068 2069 2070 :=
HFC_use 0.2149 0.252 0.2891 0.3318 0.3745 0.4237 0.4729 0.496 0.5191 0.8611 1.203 1.3251 1.9576 2.384 2.8103 3.2367 3.6631 4.0895 4.5159 4.9422 5.3686 5.38 5.3913 5.4026 5.414 5.4253 5.4425 5.4538 5.4651 5.4765 5.4878 5.4992 5.5105 5.5218 5.5332 5.5445 5.5559 5.5672 5.5785 5.5899 5.6012 5.6126 5.6239 5.6352 5.6466 5.6579 5.6693 5.6806 5.6919 5.7033 5.7146 5.726 5.7373 5.7486 5.76 5.7713 5.7827 5.794 5.8053 5.8167 5.828 
LIME_PROD 0.0665 0.0692 0.0719 0.0742 0.0766 0.0852 0.0938 0.1005 0.1071 0.1144 0.1216 0.2199 0.1791 0.1829 0.1868 0.1908 0.1949 0.1991 0.2034 0.2077 0.2121 0.2167 0.2213 0.226 0.2309 0.2358 0.2613 0.269 0.2767 0.2844 0.2921 0.2998 0.3075 0.3152 0.3229 0.3306 0.3383 0.346 0.3537 0.3614 0.3691 0.3768 0.3845 0.3922 0.3999 0.4076 0.4153 0.423 0.4307 0.4384 0.4461 0.4538 0.4615 0.4692 0.4769 0.4846 0.4923 0.5 0.5077 0.5154 0.5231 
GLASS_PROD 0.0075 0.0092 0.0109 0.0126 0.0143 0.0125 0.0107 0.0124 0.0141 0.0094 0.0047 0.0089 0.0081 0.0083 0.0084 0.0086 0.0088 0.009 0.0092 0.0094 0.0096 0.0098 0.01 0.0102 0.0104 0.0107 0.0108 0.011 0.0112 0.0114 0.0116 0.0118 0.012 0.0122 0.0124 0.0126 0.0128 0.013 0.0132 0.0134 0.0136 0.0138 0.014 0.0142 0.0144 0.0146 0.0148 0.015 0.0152 0.0154 0.0156 0.0158 0.016 0.0162 0.0164 0.0166 0.0168 0.017 0.0172 0.0174 0.0176 
CERAMICS 0.3181 0.4096 0.5012 0.4401 0.3789 0.383 0.3872 0.296 0.2049 0.1522 0.0995 0.0446 0.2117 0.2162 0.2208 0.2256 0.2304 0.2353 0.2404 0.2455 0.2507 0.2561 0.2616 0.2672 0.2729 0.2787 0.2786 0.2838 0.2889 0.2941 0.2992 0.3044 0.3095 0.3147 0.3198 0.325 0.3301 0.3353 0.3404 0.3456 0.3507 0.3559 0.361 0.3662 0.3713 0.3765 0.3816 0.3868 0.3919 0.3971 0.4022 0.4074 0.4125 0.4177 0.4228 0.428 0.4331 0.4383 0.4434 0.4486 0.4537 
SODA_ASH 0.0 0.0009 0.0018 0.0018 0.0018 0.0009 0.0 0.0015 0.0031 0.0058 0.0085 0.0012 0.0017 0.0017 0.0018 0.0018 0.0019 0.0019 0.0019 0.002 0.002 0.0021 0.0021 0.0021 0.0022 0.0022 0.0023 0.0023 0.0023 0.0024 0.0024 0.0025 0.0025 0.0025 0.0026 0.0026 0.0027 0.0027 0.0027 0.0028 0.0028 0.0029 0.0029 0.0029 0.003 0.003 0.0031 0.0031 0.0031 0.0032 0.0032 0.0033 0.0033 0.0033 0.0034 0.0034 0.0035 0.0035 0.0035 0.0036 0.0036 
IRON_STEEL 0.0298 0.0317 0.0336 0.0357 0.0378 0.0404 0.0429 0.0496 0.0564 0.0459 0.0354 0.0779 0.0801 0.0818 0.0836 0.0853 0.0872 0.089 0.0909 0.0929 0.0949 0.0969 0.099 0.1011 0.1032 0.1055 0.1071 0.109 0.111 0.1129 0.1149 0.1168 0.1188 0.1207 0.1227 0.1246 0.1266 0.1285 0.1305 0.1324 0.1344 0.1363 0.1383 0.1402 0.1422 0.1441 0.1461 0.148 0.15 0.1519 0.1539 0.1558 0.1578 0.1597 0.1617 0.1636 0.1656 0.1675 0.1695 0.1714 0.1734 
LEAD_PROD 0.0013 0.0016 0.0019 0.0023 0.0027 0.0029 0.003 0.0035 0.004 0.007 0.01 0.0087 0.0066 0.0067 0.0069 0.007 0.0072 0.0073 0.0075 0.0077 0.0078 0.008 0.0082 0.0083 0.0085 0.0087 0.0088 0.009 0.0091 0.0093 0.0095 0.0096 0.0098 0.01 0.0101 0.0103 0.0104 0.0106 0.0108 0.0109 0.0111 0.0113 0.0114 0.0116 0.0117 0.0119 0.0121 0.0122 0.0124 0.0125 0.0127 0.0129 0.013 0.0132 0.0134 0.0135 0.0137 0.0138 0.014 0.0142 0.0143 
LUBRI 0.0 0.0001 0.0002 0.0028 0.0054 0.0056 0.0057 0.0053 0.0049 0.0043 0.0037 0.0036 0.003 0.0031 0.0031 0.0032 0.0033 0.0033 0.0034 0.0035 0.0036 0.0036 0.0037 0.0038 0.0039 0.0039 0.004 0.0041 0.0042 0.0042 0.0043 0.0044 0.0045 0.0045 0.0046 0.0047 0.0047 0.0048 0.0049 0.005 0.005 0.0051 0.0052 0.0053 0.0053 0.0054 0.0055 0.0055 0.0056 0.0057 0.0058 0.0058 0.0059 0.006 0.006 0.0061 0.0062 0.0063 0.0063 0.0064 0.0065 
PARAFFIN 0.0003 0.0002 0.0 0.0003 0.0005 0.0004 0.0004 0.0007 0.0009 0.0006 0.0003 0.0006 0.0001 0.0001 0.0001 0.0001 0.0001 0.0001 0.0001 0.0001 0.0001 0.0001 0.0001 0.0001 0.0001 0.0001 0.0001 0.0001 0.0001 0.0001 0.0001 0.0001 0.0001 0.0001 0.0001 0.0001 0.0001 0.0001 0.0001 0.0001 0.0001 0.0001 0.0001 0.0001 0.0001 0.0001 0.0001 0.0001 0.0001 0.0001 0.0001 0.0001 0.0001 0.0001 0.0001 0.0001 0.0001 0.0001 0.0001 0.0001 0.0001 
PROD_CLK_ELEC 0.0 0.0 0.0 0.0 0.0 0.0 0.0 0.0 0.0 0.0 0.0 0.0 0.0 0.0 0.0 0.0 0.0 0.0 0.0 0.0 0.0 0.0 0.0 0.0 0.0 0.0 0.0 0.0 0.0 0.0 0.0 0.0 0.0 0.0 0.0 0.0 0.0 0.0 0.0 0.0 0.0 0.0 0.0 0.0 0.0 0.0 0.0 0.0 0.0 0.0 0.0 0.0 0.0 0.0 0.0 0.0 0.0 0.0 0.0 0.0 0.0 
;

param VariableCost default 0 :=
[ECU,RAW_MAT_CEM,*,*]:
2010 2011 2012 2013 2014 2015 2016 2017 2018 2019 2020 2021 2022 2023 2024 2025 2026 2027 2028 2029 2030 2031 2032 2033 2034 2035 2036 2037 2038 2039 2040 2041 2042 2043 2044 2045 2046 2047 2048 2049 2050 2051 2052 2053 2054 2055 2056 2057 2058 2059 2060 2061 2062 2063 2064 2065 2066 2067 2068 2069 2070 :=
1 0.0 0.0 0.0 0.0 0.0 0.0 0.0 0.0 0.0 0.0 0.0 0.0 0.0 0.0 0.0 0.0 0.0 0.0 0.0 0.0 0.0 0.0 0.0 0.0 0.0 0.0 0.0 0.0 0.0 0.0 0.0 0.0 0.0 0.0 0.0 0.0 0.0 0.0 0.0 0.0 0.0 0.0 0.0 0.0 0.0 0.0 0.0 0.0 0.0 0.0 0.0 0.0 0.0 0.0 0.0 0.0 0.0 0.0 0.0 0.0 0.0 
[ECU,PROD_CLK_TRAD,*,*]:
2010 2011 2012 2013 2014 2015 2016 2017 2018 2019 2020 2021 2022 2023 2024 2025 2026 2027 2028 2029 2030 2031 2032 2033 2034 2035 2036 2037 2038 2039 2040 2041 2042 2043 2044 2045 2046 2047 2048 2049 2050 2051 2052 2053 2054 2055 2056 2057 2058 2059 2060 2061 2062 2063 2064 2065 2066 2067 2068 2069 2070 :=
1 0.0 0.0 0.0 0.0 0.0 0.0 0.0 0.0 0.0 0.0 0.0 0.0 0.0 0.0 0.0 0.0 0.0 0.0 0.0 0.0 0.0 0.0 0.0 0.0 0.0 0.0 0.0 0.0 0.0 0.0 0.0 0.0 0.0 0.0 0.0 0.0 0.0 0.0 0.0 0.0 0.0 0.0 0.0 0.0 0.0 0.0 0.0 0.0 0.0 0.0 0.0 0.0 0.0 0.0 0.0 0.0 0.0 0.0 0.0 0.0 0.0 
[ECU,ENE_TERM,*,*]:
2010 2011 2012 2013 2014 2015 2016 2017 2018 2019 2020 2021 2022 2023 2024 2025 2026 2027 2028 2029 2030 2031 2032 2033 2034 2035 2036 2037 2038 2039 2040 2041 2042 2043 2044 2045 2046 2047 2048 2049 2050 2051 2052 2053 2054 2055 2056 2057 2058 2059 2060 2061 2062 2063 2064 2065 2066 2067 2068 2069 2070 :=
1 0.0 0.0 0.0 0.0 0.0 0.0 0.0 0.0 0.0 0.0 0.0 0.0 0.0 0.0 0.0 0.0 0.0 0.0 0.0 0.0 0.0 0.0 0.0 0.0 0.0 0.0 0.0 0.0 0.0 0.0 0.0 0.0 0.0 0.0 0.0 0.0 0.0 0.0 0.0 0.0 0.0 0.0 0.0 0.0 0.0 0.0 0.0 0.0 0.0 0.0 0.0 0.0 0.0 0.0 0.0 0.0 0.0 0.0 0.0 0.0 0.0 
[ECU,ELEC_CEM,*,*]:
2010 2011 2012 2013 2014 2015 2016 2017 2018 2019 2020 2021 2022 2023 2024 2025 2026 2027 2028 2029 2030 2031 2032 2033 2034 2035 2036 2037 2038 2039 2040 2041 2042 2043 2044 2045 2046 2047 2048 2049 2050 2051 2052 2053 2054 2055 2056 2057 2058 2059 2060 2061 2062 2063 2064 2065 2066 2067 2068 2069 2070 :=
1 0.0 0.0 0.0 0.0 0.0 0.0 0.0 0.0 0.0 0.0 0.0 0.0 0.0 0.0 0.0 0.0 0.0 0.0 0.0 0.0 0.0 0.0 0.0 0.0 0.0 0.0 0.0 0.0 0.0 0.0 0.0 0.0 0.0 0.0 0.0 0.0 0.0 0.0 0.0 0.0 0.0 0.0 0.0 0.0 0.0 0.0 0.0 0.0 0.0 0.0 0.0 0.0 0.0 0.0 0.0 0.0 0.0 0.0 0.0 0.0 0.0 
[ECU,PROD_CEM,*,*]:
2010 2011 2012 2013 2014 2015 2016 2017 2018 2019 2020 2021 2022 2023 2024 2025 2026 2027 2028 2029 2030 2031 2032 2033 2034 2035 2036 2037 2038 2039 2040 2041 2042 2043 2044 2045 2046 2047 2048 2049 2050 2051 2052 2053 2054 2055 2056 2057 2058 2059 2060 2061 2062 2063 2064 2065 2066 2067 2068 2069 2070 :=
1 0.0 0.0 0.0 0.0 0.0 0.0 0.0 0.0 0.0 0.0 0.0 0.0 0.0 0.0 0.05431729144117742 0.04868842858956366 0.1122737510038251 0.1027019692502646 0.17606055804969556 0.23045587110312482 0.24236572018556793 0.302509844956255 0.31607390656216566 0.38077264903245484 0.394517661277883 0.4633155902845484 0.5750832119773722 0.5528138426515713 0.6690341343567321 0.6498293615538795 0.7712753761345098 0.8652583618283092 0.8788049381731668 0.9760067259452203 0.9887030292904982 1.094540835082186 1.240638154926796 1.2213018210690123 1.3668879195067827 1.3495353960438132 1.500291656680956 1.6390347440267756 1.6340663646228815 1.784884649933752 1.7798579696185857 1.9363575034066538 1.931485502429082 2.093461092429256 2.2615323366156823 2.256177433436189 2.429948527991204 2.4247972066549535 2.604004971591051 2.7893215458492087 2.7839498905235516 2.9746937687450044 2.9693077288227068 3.16571359926116 3.3682448403475047 3.362664974554174 3.5705833206164725 
[ECU,ELEC_TERM,*,*]:
2010 2011 2012 2013 2014 2015 2016 2017 2018 2019 2020 2021 2022 2023 2024 2025 2026 2027 2028 2029 2030 2031 2032 2033 2034 2035 2036 2037 2038 2039 2040 2041 2042 2043 2044 2045 2046 2047 2048 2049 2050 2051 2052 2053 2054 2055 2056 2057 2058 2059 2060 2061 2062 2063 2064 2065 2066 2067 2068 2069 2070 :=
1 0.0 0.0 0.0 0.0 0.0 0.0 0.0 0.0 0.0 0.0 0.0 0.0 0.0 0.0 0.0 0.0 0.0 0.0 0.0 0.0 0.0 0.0 0.0 0.0 0.0 0.0 0.0 0.0 0.0 0.0 0.0 0.0 0.0 0.0 0.0 0.0 0.0 0.0 0.0 0.0 0.0 0.0 0.0 0.0 0.0 0.0 0.0 0.0 0.0 0.0 0.0 0.0 0.0 0.0 0.0 0.0 0.0 0.0 0.0 0.0 0.0 
[ECU,PROD_CLK_ELEC,*,*]:
2010 2011 2012 2013 2014 2015 2016 2017 2018 2019 2020 2021 2022 2023 2024 2025 2026 2027 2028 2029 2030 2031 2032 2033 2034 2035 2036 2037 2038 2039 2040 2041 2042 2043 2044 2045 2046 2047 2048 2049 2050 2051 2052 2053 2054 2055 2056 2057 2058 2059 2060 2061 2062 2063 2064 2065 2066 2067 2068 2069 2070 :=
1 0.0 0.0 0.0 0.0 0.0 0.0 0.0 0.0 0.0 0.0 0.0 0.0 0.0 0.0 0.0 0.0 0.0 0.0 0.0 0.0 0.0 0.0 0.0 0.0 0.0 0.0 0.0 0.0 0.0 0.0 0.0 0.0 0.0 0.0 0.0 0.0 0.0 0.0 0.0 0.0 0.0 0.0 0.0 0.0 0.0 0.0 0.0 0.0 0.0 0.0 0.0 0.0 0.0 0.0 0.0 0.0 0.0 0.0 0.0 0.0 0.0 
[ECU,RAW_MAT_CLK,*,*]:
2010 2011 2012 2013 2014 2015 2016 2017 2018 2019 2020 2021 2022 2023 2024 2025 2026 2027 2028 2029 2030 2031 2032 2033 2034 2035 2036 2037 2038 2039 2040 2041 2042 2043 2044 2045 2046 2047 2048 2049 2050 2051 2052 2053 2054 2055 2056 2057 2058 2059 2060 2061 2062 2063 2064 2065 2066 2067 2068 2069 2070 :=
1 0.0 0.0 0.0 0.0 0.0 0.0 0.0 0.0 0.0 0.0 0.0 0.0 0.0 0.0 0.0 0.0 0.0 0.0 0.0 0.0 0.0 0.0 0.0 0.0 0.0 0.0 0.0 0.0 0.0 0.0 0.0 0.0 0.0 0.0 0.0 0.0 0.0 0.0 0.0 0.0 0.0 0.0 0.0 0.0 0.0 0.0 0.0 0.0 0.0 0.0 0.0 0.0 0.0 0.0 0.0 0.0 0.0 0.0 0.0 0.0 0.0 
;

param YearSplit default 0 :
2010 2011 2012 2013 2014 2015 2016 2017 2018 2019 2020 2021 2022 2023 2024 2025 2026 2027 2028 2029 2030 2031 2032 2033 2034 2035 2036 2037 2038 2039 2040 2041 2042 2043 2044 2045 2046 2047 2048 2049 2050 2051 2052 2053 2054 2055 2056 2057 2058 2059 2060 2061 2062 2063 2064 2065 2066 2067 2068 2069 2070 :=
All 1 1 1 1 1 1 1 1 1 1 1 1 1 1 1 1 1 1 1 1 1 1 1 1 1 1 1 1 1 1 1 1 1 1 1 1 1 1 1 1 1 1 1 1 1 1 1 1 1 1 1 1 1 1 1 1 1 1 1 1 1 
;

param AccumulatedAnnualDemand default 0 :=
;
param AnnualEmissionLimit default 99999 :=
;
param AnnualExogenousEmission default 0 :=
;
param CapacityOfOneTechnologyUnit default 0 :=
;
param CapitalCostStorage default 0 :=
;
param Conversionld default 0 :=
;
param Conversionlh default 0 :=
;
param Conversionls default 0 :=
;
param DaySplit default 0.00137 :=
;
param DaysInDayType default 7 :=
;
param DepreciationMethod default 1 :=
;
param DiscountRate default 0.055 :=
;
param MinStorageCharge default 0 :=
;
param ModelPeriodEmissionLimit default 99999 :=
;
param ModelPeriodExogenousEmission default 0 :=
;
param OperationalLifeStorage default 1 :=
;
param REMinProductionTarget default 0 :=
;
param RETagFuel default 0 :=
;
param RETagTechnology default 0 :=
;
param ReserveMargin default 0 :=
;
param ReserveMarginTagFuel default 0 :=
;
param ReserveMarginTagTechnology default 0 :=
;
param ResidualStorageCapacity default 0 :=
;
param StorageLevelStart default 0 :=
;
param StorageMaxChargeRate default 0 :=
;
param StorageMaxDischargeRate default 0 :=
;
param TechnologyFromStorage default 0 :=
;
param TechnologyToStorage default 0 :=
;
param TotalAnnualMaxCapacityInvestment default 99999 :=
;
param TotalAnnualMinCapacityInvestment default 0 :=
;
param TotalAnnualMinCapacity default 0 :=
;
param TotalTechnologyModelPeriodActivityLowerLimit default 0 :=
;
param TotalTechnologyModelPeriodActivityUpperLimit default 99999 :=
;
param TradeRoute default 0 :=
;
#
end;
